# Fake animations format 

# Rotations 
# r frameNum x.rotation y.rotation z.rotation
#r 0 0 0 30
#r 0 0 0 30
#r 0 0 0 30
#r 0 0 0 30
#r 0 0 0 30
#r 0 0 0 30
#r 0 0 0 30
#r 0 0 0 30
#r 0 0 0 30
#r 0 0 0 30
#r 0 0 0 30
#r 0 0 0 30
#
#r 0 0 180 30
#r 0 0 180 30
#r 0 0 180 30
#r 0 0 180 30
#r 0 0 180 30
#r 0 0 180 30
#r 0 0 180 30
#r 0 0 180 30
#r 0 0 180 30
#r 0 0 180 30
#r 0 0 180 30
#r 0 0 180 30

r 0 0 0 90
r 0 0 0 90
r 0 0 0 90
r 0 0 0 90
r 0 0 0 90
r 0 0 0 90
r 0 0 0 90
r 0 0 0 90
r 0 0 0 90
r 0 0 0 90
r 0 0 0 90
r 0 0 0 90
r 0 0 0 90
r 0 0 0 90

r 0 0 180 90
r 0 0 180 90
r 0 0 180 90
r 0 0 180 90
r 0 0 180 90
r 0 0 180 90
r 0 0 180 90
r 0 0 180 90
r 0 0 180 90
r 0 0 180 90
r 0 0 180 90
r 0 0 180 90
r 0 0 180 90
r 0 0 180 90

# Translations
# t frameNum x.offset y.offset z.offset

#t 0 -0.0 -2.0 0
#t 0 -0.2 -1.5 0
#t 0 -0.4 -1.0 0
#t 0 -0.6 -0.5 0
#t 0 -0.6 -0.0 0
#t 0 -0.4  1.0 0
#
#t 0 -0.0 -2.0 0
#t 0 -0.2 -1.5 0
#t 0 -0.4 -1.0 0
#t 0 -0.6 -0.5 0
#t 0 -0.6 -0.0 0
#t 0 -0.4  1.0 0
#
#t 0 0.0 -2.0 0
#t 0 0.2 -1.5 0
#t 0 0.4 -1.0 0
#t 0 0.6 -0.5 0
#t 0 0.6 -0.0 0
#t 0 0.4  1.0 0
#
#t 0 0.0 -2.0 0
#t 0 0.2 -1.5 0
#t 0 0.4 -1.0 0
#t 0 0.6 -0.5 0
#t 0 0.6 -0.0 0
#t 0 0.4  1.0 0

t 0 5.0 -1.5 0
t 0 5.0 -1.5 0
t 0 4.7 -1.5 0
t 0 4.7 -1.5 0
t 0 4.4 -1.5 0
t 0 4.0 -1.5 0
t 0 3.5 -1.5 0
t 0 4.0 -1.5 0
t 0 3.5 -1.5 0
t 0 4.0 -1.5 0
t 0 4.4 -1.5 0
t 0 4.7 -1.5 0
t 0 4.7 -1.5 0
t 0 5.0 -1.5 0
t 0 5.0 -1.5 0

t 0 -5.0 -1.5 0
t 0 -5.0 -1.5 0
t 0 -4.7 -1.5 0
t 0 -4.7 -1.5 0
t 0 -4.4 -1.5 0
t 0 -4.0 -1.5 0
t 0 -3.5 -1.5 0
t 0 -4.0 -1.5 0
t 0 -3.5 -1.5 0
t 0 -4.0 -1.5 0
t 0 -4.4 -1.5 0
t 0 -4.7 -1.5 0
t 0 -4.7 -1.5 0
t 0 -5.0 -1.5 0
t 0 -5.0 -1.5 0

# Scaling 
# s frameNum x.scaling y.scaling z.scaling 